1620129118	426
1620129150	426
1620129932	426
1620134058	426
1620137047	426
1620140634	426
1620144406	426
1620149192	426
1620151699	426
1620155197	426
1620158662	426
1620162191	426
1620165888	426
1620169443	426
1620173431	426
1620179476	426
1620181863	426
1620184121	426
1620187484	426
1620191247	426
1620194690	426
1620198534	426
1620201868	426
1620205428	426
1620299010	426
1620302784	426
1620306942	426
1620309844	426
1620313428	426
1620317380	426
1620322292	426
1620324720	426
1620328139	426
1620331449	426
1620335004	426
1620338715	426
1620342238	426
1620346262	426
