1620129117	292
1620129149	292
1620129932	292
1620134057	292
1620137047	292
1620140634	292
1620144405	292
1620149192	292
1620151698	292
1620155196	292
1620158662	292
1620162191	292
1620165887	292
1620169442	292
1620173431	292
1620179475	292
1620181863	292
1620184121	292
1620187483	292
1620191246	292
1620194689	292
1620198533	292
1620201868	292
1620205427	292
1620299009	292
1620302784	292
1620306941	292
1620309843	292
1620313428	292
1620317379	292
1620322291	292
1620324720	292
1620328138	292
1620331448	292
1620335003	292
1620338714	292
1620342237	292
1620346261	292
1620352523	292
1620354962	292
1620357073	292
1620360550	292
1620364202	292
1620367472	292
1620371324	292
1620374690	292
1620378224	292
1620381860	292
1620385411	292
1620389116	292
1620393324	292
1620396255	292
1620399833	292
1620403782	292
1620408671	292
1620411136	292
1620414504	292
1620417857	292
1620421433	292
1620425098	292
1620428622	292
1620432684	292
1620438871	292
1620441261	292
1620443407	292
1620446761	292
1620450477	292
1620453894	292
1620457764	292
1620461059	292
