1620129117	309
1620129148	309
1620129932	309
1620134057	309
1620137046	309
1620140634	309
1620144405	309
1620149191	309
1620151697	309
1620155195	309
1620158661	309
1620162190	309
1620165887	309
1620169442	309
1620173430	309
1620179474	309
1620181863	309
1620184121	309
1620187483	309
1620191246	309
1620194689	309
1620198532	309
1620201867	309
1620205427	309
1620299008	309
1620302783	309
1620306941	309
1620309843	309
1620313428	309
1620317379	309
1620322290	309
1620324720	309
1620328137	309
1620331447	309
1620335003	309
1620338714	309
1620342237	309
1620346260	309
1620352522	309
1620354962	309
1620357072	309
1620360549	309
1620364202	309
1620367472	309
1620371324	309
1620374689	309
1620378223	309
1620381860	309
1620385410	309
1620389115	309
1620393323	309
1620396255	309
1620399832	309
1620403782	309
1620408670	309
1620411135	309
1620414504	309
1620417857	309
1620421433	309
1620425098	309
1620428622	309
1620432683	309
1620438871	309
1620441261	309
1620443407	309
1620446760	309
1620450476	309
1620453894	309
1620457764	309
1620461059	309
1620464618	309
1620468237	309
1620471792	309
1620475537	309
1620479650	309
1620482637	309
1620486233	309
1620490116	309
1620494969	309
1620497408	309
1620500782	309
1620504246	309
1620507796	309
1620511483	309
1620515040	309
1620519166	309
1620525385	309
1620527900	309
1620529817	309
1620533128	309
1620536867	309
1620540285	309
1620544050	309
