1620129118	251
1620129149	251
1620129932	251
1620134058	251
1620137047	251
1620140634	251
1620144405	251
1620149192	251
1620151698	251
1620155196	251
1620158662	251
1620162191	251
1620165888	251
1620169442	251
1620173431	251
1620179475	251
1620181863	251
1620184121	251
1620187484	251
1620191247	251
1620194690	251
1620198533	251
1620201868	251
1620205428	251
1620299010	251
1620302784	251
1620306942	251
1620309844	251
1620313428	251
1620317380	251
1620322291	251
1620324720	251
1620328139	251
1620331448	251
1620335004	251
1620338715	251
1620342237	251
1620346261	251
1620352524	251
1620354962	251
1620357073	251
1620360550	251
1620364202	251
1620367473	251
1620371324	251
1620374690	251
1620378224	251
1620381861	251
1620385411	251
1620389117	251
1620393325	251
1620396255	251
1620399833	251
1620403782	251
1620408671	251
1620411136	251
1620414504	251
1620417858	251
1620421433	251
1620425099	251
1620428623	251
1620432684	251
1620438871	251
1620441262	251
1620443408	251
1620446761	251
